9999999999999999999999999999999999990999999999999999
9999999999999999999999999999990000000000099999999999
9999999000000999999999999999900000000000999999999999
9999900000099999999999999999999990099999999999999999
9999999999999999999999999999999999999999999999999999
9999999999999999999999999999999999999999999999999999
9999999999999999999999999999999999999999999999999999
9999999999999999999999999999999999999999999999999999
9999999999999999999999999999999999999999999999999999
9999999999999999999999999999999999999999999999999999
9999999999999999999999999999999999999999999999999999
9999999999999995555555555555555555555999999999999999
9999999555555555555555555555555555555555555559999999
5555555555555555555555555555555555555555555555555999
5555555555555555555555555555555555555555555555555555
5555555555555555555555555555555555555555555555555555
5555555555555555555555555555555555555555555555555555
5555555555555555555555555555555555555555555555555555
5555555555555555555555555555555555555555555555555555
