999999999999999999999999999999999999999999999999999
900999999999999999999999999999999999999999999999009
909999999999999999999999999999999999999999999999909
999999999999999999999999999999999999999999999999999
999999999999999999999999999999999999999999999999999
999999999999999999999999999999999999999999999999999
999999999999999999999999999999999999999999999999999
999999999999999999999999999999999999999999999999999
999999999999999999999999999999999999999999999999999
999999999999999999999999999999999999999999999999999
999999999999999999999999999999999999999999999999999
999999999999999999999999999999999999999999999999999
999999999999999999999999999999999999999999999999999
999999999999999999999999999999999999999999999999999
999999999999999999999999999999999999999999999999999
909999999999999999999999999999999999999999999999909
900999999999999999999999999999999999999999999999009
999999999999999999999999999999999999999999999999999
999999999999999999999999999999999999999999999999999
