999999999999999999999999999999999999999999999999999
900099999999999999999999999999999999999999999990009
909999999999999999999999999999999999999999999999909
909999999999999999999999999999999999999999999999909
999999999999999999999999999999999999999999999999999
999999999999999999999999999999999999999999999999999
999999999999999999999999999999999999999999999999999
999999999999999999999999999999999999999999999999999
999999999999999999999999999999999999999999999999999
999999999999999999999999999999999999999999999999999
999999999999999999999999999999999999999999999999999
999999999999999999999999999999999999999999999999999
999999999999999999999999999999999999999999999999999
999999999999999999999999999999999999999999999999999
909999999999999999999999999999999999999999999999909
909999999999999999999999999999999999999999999999909
900099999999999999999999999999999999999999999990009
999999999999999999999999999999999999999999999999999
999999999999999999999999999999999999999999999999999
