999999999999999999999999999999999999999999999999999
999999999999999999999999999999999999999999999999999
999000999999999999999999999999999999999999999000999
999099999999999999999999999999999999999999999990999
999099999999999999999999999999999999999999999990999
999099999999999999999999999999999999999999999990999
999999999999999999999999999999999999999999999999999
999999999999999999999999999999999999999999999999999
999999999999999999999999999999999999999999999999999
999999999999999999999999999999999999999999999999999
999999999999999999999999999999999999999999999999999
999999999999999999999999999999999999999999999999999
999999999999999999999999999999999999999999999999999
999099999999999999999999999999999999999999999990999
999099999999999999999999999999999999999999999990999
999099999999999999999999999999999999999999999990999
999000999999999999999999999999999999999999999000999
999999999999999999999999999999999999999999999999999
999999999999999999999999999999999999999999999999999
