999999999999999999999999999999999999999999999999999
999999999999999999999999999999999999999999999999999
999000999999999900999900999999900999000999990000999
999099999999999999999999999999999999999999999990999
999099999999999999999999999999999999999999999990999
999099999999999999999999999999999999999999999990999
999999999999999999999999999999999999999999999999999
999099999999999999999999999999999999999999999999999
999099999999999999999999999999999999999999999990999
999099999999999999999999999999999999999999999990999
999999999999999999999999999999999999999999999990999
999999999999999999999999999999999999999999999999999
999099999999999999999999999999999999999999999990999
999099999999999999999999999999999999999999999990999
999099999999999999999999999999999999999999999990999
999099999999999999999999999999999999999999999990999
999000099999999999009900999009999990009999999000999
999999999999999999999999999999999999999999999999999
999999999999999999999999999999999999999999999999999
