999999999999999999999999999999999999999999999999999
999999999999999999999999999999999999999999999999999
999000000000000000000000000000000000000000000000999
999099999999999999999999999999999999999999999990999
999099999999999999999999999999999999999999999990999
999099999999999999999999999999999999999999999990999
999099999999999999999999999999999999999999999990999
999099999999999999999999999999999999999999999990999
999099999999999999999999999999999999999999999990999
999099999999999999999999999999999999999999999990999
999099999999999999999999999999999999999999999990999
999099999999999999999999999999999999999999999990999
999099999999999999999999999999999999999999999990999
999099999999999999999999999999999999999999999990999
999099999999999999999999999999999999999999999990999
999099999999999999999999999999999999999999999990999
999000000000000000000000000000000000000000000000999
999999999999999999999999999999999999999999999999999
999999999999999999999999999999999999999999999999999
