9999999999999999999999999999999999999999999999999
9999999999999999999999999999999999999999999999999
9990000000000000000000000000000000000000000000009
9990999999999999999999999999999999999999999999909
9990999898989898899898899888989898999988888899909
9990999898989898989898989898989898999899999999909
9990999989899898998898899888998989998999999999909
9990999999999999999999999999999999998999999999909
9990999999999999999999999999999999999899999999909
9990999999999999999999999999999999999988888899909
9990999999999999999999999999999999999999999989909
9990999999999999999999999999999999999999999998909
9990999999999999999999999999999999999999999998909
9990999999999999999999999999999999999999999989909
9990999999999999999999999999999999999988888899909
9990999999999999999999999999999999999999999999909
9990000000000000000000000000000000000000000000009
9999999999999999999999999999999999999999999999999
